[1] 11.544950001938162 3.7037999822186705 24.897880165275257
[2] 8.292696606409745 2.58940723617829 17.064763437242238
[3] 8.101869830804207 2.4167560175234293 18.031512482367773
[4] 8.355798162409231 2.5624788784595793 18.65595426704496
[5] 8.457618476560395 2.64512823355004 18.21858200476883
[6] 8.398518082443141 2.6324709753252695 18.049957998737938
[7] 8.50749678987989 2.6998138841254646 18.618199500433768
[8] 8.538158048444336 2.7182443319614915 18.665987696344885
[9] 8.627215226650844 2.8150113864194437 18.614831610906187
[10] 8.643770741060813 2.7821051013048375 18.598569167958154
[11] 8.743737474550693 2.939353326339104 18.775451203773176
[12] 8.796090192865087 2.838090155506312 18.996665615325394
[13] 8.786412348691442 2.868880192932636 18.973821934072465
[14] 8.769699516574404 2.8453193029644064 18.85378992269596
[15] 8.804198119781324 2.8905866863964476 18.91280271956311
