[1, 1, 1] :  7.67803139533147  ,  13.772599645638232
[1, 1, 2] :  7.469342039517125  ,  13.55714575327507
[1, 1, 3] :  7.5407607518075  ,  13.145652660844306
[1, 1, 4] :  7.489257226408077  ,  13.174641957284488
[1, 1, 5] :  7.642815618362519  ,  13.31935322406045
[1, 2, 1] :  6.87647652422794  ,  11.582529193786861
[1, 2, 2] :  6.752691808002194  ,  11.750474639261066
[1, 2, 3] :  6.908908699450857  ,  11.394332704159558
[1, 2, 4] :  6.876613824199957  ,  11.366687473020555
[1, 2, 5] :  6.893232465130415  ,  11.378471873615702
[1, 3, 1] :  7.003527727747838  ,  11.339247226489945
[1, 3, 2] :  6.826305723287296  ,  11.832617017807152
[1, 3, 3] :  6.797804628904672  ,  11.591256776875982
[1, 3, 4] :  6.60782203861452  ,  11.492606281994412
[1, 3, 5] :  6.578165953283751  ,  11.46327393757658
[1, 4, 1] :  6.752245456408259  ,  11.44204173822725
[1, 4, 2] :  6.738638775427602  ,  11.466310984969851
[1, 4, 3] :  6.721059139750503  ,  11.628995627674653
[1, 4, 4] :  6.671322908261548  ,  11.31887024135266
[1, 4, 5] :  6.734409149841092  ,  11.638746365854434
[1, 5, 1] :  6.758822222442078  ,  11.548128022494717
[1, 5, 2] :  6.660694503603363  ,  11.981299023656014
[1, 5, 3] :  6.677116710948438  ,  11.50325573084106
[1, 5, 4] :  6.628104836747481  ,  11.628459275934883
[1, 5, 5] :  6.707104178865683  ,  12.052146584370352
[2, 1, 1] :  5.7513974906400795  ,  10.776029600567632
[2, 1, 2] :  5.68452388883172  ,  11.015716270743667
[2, 1, 3] :  5.527148605316498  ,  10.283130528557272
[2, 1, 4] :  5.4288549831005595  ,  10.02761474916846
[2, 1, 5] :  5.394106775421721  ,  10.193403356370585
[2, 2, 1] :  5.759686373265659  ,  10.596658469998564
[2, 2, 2] :  5.666347054922744  ,  10.31042259444531
[2, 2, 3] :  5.406889173258154  ,  10.1237358255359
[2, 2, 4] :  5.337090362055103  ,  10.020329242505355
[2, 2, 5] :  5.500968795553265  ,  10.134576533297363
[2, 3, 1] :  5.394169739999553  ,  10.251589002123374
[2, 3, 2] :  5.360745244926045  ,  9.961450515707321
[2, 3, 3] :  5.27210238014295  ,  9.400915152399605
[2, 3, 4] :  5.196213068732782  ,  9.645643946287311
[2, 3, 5] :  5.209867999546322  ,  9.695939684446532
[2, 4, 1] :  5.553557360049751  ,  10.035642287047981
[2, 4, 2] :  5.3832735144319255  ,  9.93079481559796
[2, 4, 3] :  5.261648760527889  ,  9.958618354205333
[2, 4, 4] :  5.24646173937872  ,  9.718334369499718
[2, 4, 5] :  5.169225388648938  ,  9.521992327584885
[2, 5, 1] :  5.398825816486642  ,  10.101059960218226
[2, 5, 2] :  5.351110807198393  ,  10.101010966609007
[2, 5, 3] :  5.3564588336876255  ,  9.889054889404655
[2, 5, 4] :  5.266140626038566  ,  10.379302981620985
[2, 5, 5] :  5.194551835902365  ,  9.510440270975185
[3, 1, 1] :  5.535135157470405  ,  10.509354021994653
[3, 1, 2] :  5.560440952922449  ,  10.494413449431638
[3, 1, 3] :  5.304342347508141  ,  10.136477698385143
[3, 1, 4] :  5.320986369701227  ,  9.880141492758828
[3, 1, 5] :  5.305609286412402  ,  10.198875349432253
[3, 2, 1] :  5.757309072402815  ,  10.710494224335747
[3, 2, 2] :  5.4691930203085235  ,  10.271009605438067
[3, 2, 3] :  5.374302756074984  ,  9.677584307730726
[3, 2, 4] :  5.449630699525586  ,  9.690272481738747
[3, 2, 5] :  5.161628114849125  ,  9.88456030764456
[3, 3, 1] :  5.5312663977968715  ,  10.023871672585546
[3, 3, 2] :  5.229761314128048  ,  9.944556087667651
[3, 3, 3] :  5.269656962585403  ,  9.87388864346291
[3, 3, 4] :  5.147448290556032  ,  10.034287555166813
[3, 3, 5] :  5.04913140158346  ,  9.129361883025524
[3, 4, 1] :  5.368091396508636  ,  9.860474339056168
[3, 4, 2] :  5.229269067453082  ,  9.03250520252016
[3, 4, 3] :  5.251715322421487  ,  9.693173475644766
[3, 4, 4] :  5.221883370717395  ,  10.003062303106809
[3, 4, 5] :  5.080339450148198  ,  8.651169211485346
[3, 5, 1] :  5.266067176371097  ,  10.269333397609191
[3, 5, 2] :  5.209329075001623  ,  9.405680335845496
[3, 5, 3] :  5.189464994922616  ,  9.911858748574122
[3, 5, 4] :  5.172977049479367  ,  9.452286100206898
[3, 5, 5] :  5.244208134832189  ,  9.537006098599988
[4, 1, 1] :  5.448454213010686  ,  10.232091022461763
[4, 1, 2] :  5.465450688718267  ,  10.182614943045357
[4, 1, 3] :  5.3141590639243015  ,  10.002876001560171
[4, 1, 4] :  5.210906219701567  ,  9.896817508911935
[4, 1, 5] :  5.165192717336298  ,  9.839777723488616
[4, 2, 1] :  5.532257884730491  ,  10.035017288005495
[4, 2, 2] :  5.387589985398128  ,  9.96270312110547
[4, 2, 3] :  5.2819312636492946  ,  9.849345080138182
[4, 2, 4] :  5.326636745595009  ,  9.996245312614025
[4, 2, 5] :  5.308876374321734  ,  10.208997371966795
[4, 3, 1] :  5.285052895264579  ,  9.47947235736672
[4, 3, 2] :  5.208689634883845  ,  9.101367341677166
[4, 3, 3] :  5.187694722384798  ,  9.879222228733102
[4, 3, 4] :  5.115693958393076  ,  9.115327475965445
[4, 3, 5] :  5.097957862781352  ,  9.414007888903573
[4, 4, 1] :  5.428448942235588  ,  9.830784093955414
[4, 4, 2] :  5.21167750394879  ,  9.738084955694603
[4, 4, 3] :  5.095520420925217  ,  9.149944262615389
[4, 4, 4] :  5.175816870155541  ,  9.80275163440906
[4, 4, 5] :  5.133248273388439  ,  9.299119636506685
[4, 5, 1] :  5.264553132496385  ,  10.00978206194749
[4, 5, 2] :  5.187861527721518  ,  9.82209116022904
[4, 5, 3] :  5.04265923760702  ,  9.530772498092663
[4, 5, 4] :  5.2392747963508715  ,  9.665162847196711
[4, 5, 5] :  5.085811394656164  ,  9.899681022900236
[5, 1, 1] :  5.369391408192429  ,  10.365878675901008
[5, 1, 2] :  5.413052346737581  ,  10.298270761827641
[5, 1, 3] :  5.24248642962923  ,  10.055669967755232
[5, 1, 4] :  5.197200935541108  ,  10.07621866748989
[5, 1, 5] :  5.1556712254148485  ,  9.929818322394656
[5, 2, 1] :  5.365822797661178  ,  9.904216866392762
[5, 2, 2] :  5.45790880587721  ,  10.96675821531054
[5, 2, 3] :  5.248684846473347  ,  10.158135976593924
[5, 2, 4] :  5.284689756672491  ,  10.157775318928245
[5, 2, 5] :  5.266984991474708  ,  9.062846452176313
[5, 3, 1] :  5.2716754122771725  ,  9.50646749850937
[5, 3, 2] :  5.160800977781446  ,  9.214783682121663
[5, 3, 3] :  5.085923532149403  ,  9.57447408775654
[5, 3, 4] :  5.163334952299364  ,  9.963943064779464
[5, 3, 5] :  5.112606022968099  ,  9.146501483693537
[5, 4, 1] :  5.333508806539452  ,  10.18171342850648
[5, 4, 2] :  5.233723687895187  ,  9.82261095803181
[5, 4, 3] :  5.18645725712868  ,  9.167858436242902
[5, 4, 4] :  5.104408072342261  ,  9.268305264256846
[5, 4, 5] :  5.057435089143912  ,  9.206849809456847
[5, 5, 1] :  5.240282821564237  ,  10.020708884150386
[5, 5, 2] :  5.1159016898589815  ,  9.587067537958507
[5, 5, 3] :  5.232506830513673  ,  9.969308021345071
[5, 5, 4] :  5.216070923254308  ,  10.192149485454053
[5, 5, 5] :  5.1102699330746155  ,  9.017360044729626