[1, 0] :  9.280107827657494
[1, 1] :  7.5661400816387765
[1, 2] :  6.872421918538
[1, 3] :  6.938799633103353
[1, 4] :  6.660679100257898
[1, 5] :  6.762980881048758
[1, 6] :  6.762898867922198
[1, 7] :  6.63692597622711
[1, 8] :  6.755082929483146
[1, 9] :  6.824764791771381
[2, 0] :  6.731127778728167
[2, 1] :  5.827550762363236
[2, 2] :  5.637292435247875
[2, 3] :  5.382000488797004
[2, 4] :  5.561255635922325
[2, 5] :  5.52481906897187
[2, 6] :  5.433046385123094
[2, 7] :  5.363417806994679
[2, 8] :  5.537947730869888
[2, 9] :  5.40153599895083
[3, 0] :  5.97886821144462
[3, 1] :  5.539350833021765
[3, 2] :  5.6374487594470555
[3, 3] :  5.4768988519458315
[3, 4] :  5.293341595461195
[3, 5] :  5.38772849377421
[3, 6] :  5.362007854255671
[3, 7] :  5.155890265141096
[3, 8] :  5.390539950452601
[3, 9] :  5.052002706967521
[4, 0] :  5.907979272081619
[4, 1] :  5.541245895804948
[4, 2] :  5.308765025573642
[4, 3] :  5.1412885206573335
[4, 4] :  5.279752897725816
[4, 5] :  5.199687664458873
[4, 6] :  5.447648393087098
[4, 7] :  5.143627598563075
[4, 8] :  5.0072548142384505
[4, 9] :  5.317081094744786
[5, 0] :  5.805635935905502
[5, 1] :  5.502732027749111
[5, 2] :  5.500749926966391
[5, 3] :  5.263948227370211
[5, 4] :  5.016526649583055
[5, 5] :  5.268448961628108
[5, 6] :  5.425437336747441
[5, 7] :  5.316777212293235
[5, 8] :  5.229972107525712
[5, 9] :  5.543919127796044
[6, 0] :  5.6998909713509285
[6, 1] :  5.587245186455803
[6, 2] :  5.45860734830992
[6, 3] :  5.30326190539243
[6, 4] :  5.1065491031031325
[6, 5] :  5.438671602059731
[6, 6] :  5.147861571835035
[6, 7] :  5.413596246303071
[6, 8] :  5.452869978665765
[6, 9] :  5.57497331171248
[7, 0] :  5.639549149460913
[7, 1] :  5.62156772495975
[7, 2] :  5.093480046824058
[7, 3] :  5.117347889334345
[7, 4] :  5.362598953294215
[7, 5] :  5.159076193539418
[7, 6] :  5.127782515854256
[7, 7] :  5.470114535195108
[7, 8] :  5.241330995195851
[7, 9] :  5.334172770732674
[8, 0] :  5.979187433657065
[8, 1] :  5.528481986887227
[8, 2] :  5.349869449938377
[8, 3] :  5.576204219292622
[8, 4] :  5.300030584459982
[8, 5] :  5.340918652897783
[8, 6] :  5.640017592407826
[8, 7] :  5.292518376487525
[8, 8] :  5.343930844764696
[8, 9] :  5.401070788141487
[9, 0] :  5.6814664467761435
[9, 1] :  5.367729293637413
[9, 2] :  5.5544902799918265
[9, 3] :  5.231232107062336
[9, 4] :  5.218344532482294
[9, 5] :  5.045453612832885
[9, 6] :  5.26421583686698
[9, 7] :  5.36507202420681
[9, 8] :  5.295348536218351
[9, 9] :  5.771431113049847
