[1, 0] :  9.094326981630594
[1, 1] :  7.489466397940646
[1, 2] :  6.502115210114315
[1, 3] :  6.647257251981106
[1, 4] :  6.50221054833543
[1, 5] :  6.368437538299953
[1, 6] :  6.572468208078062
[2, 0] :  6.368388321210398
[2, 1] :  5.542917005073699
[2, 2] :  5.544560073256611
[2, 3] :  5.39693902450394
[2, 4] :  5.329161745674529
[2, 5] :  5.263551509333287
[2, 6] :  5.179680602493432
[3, 0] :  5.7718613110257895
[3, 1] :  5.390037794830178
[3, 2] :  5.295960421986419
[3, 3] :  4.863587904553835
[3, 4] :  5.0458493610905615
[3, 5] :  5.057528535588579
[3, 6] :  5.126009854975814
[4, 0] :  5.758095397671932
[4, 1] :  5.382306297580479
[4, 2] :  5.103524317137483
[4, 3] :  5.043425639504955
[4, 4] :  4.8868336369992385
[4, 5] :  4.980965633736911
[4, 6] :  5.105017167517998
[5, 0] :  5.666379943660321
[5, 1] :  5.251132136424918
[5, 2] :  5.109527565955139
[5, 3] :  4.83004277397192
[5, 4] :  4.9064117884556495
[5, 5] :  5.109431153256543
[5, 6] :  nan
[6, 0] :  5.507895876266112
[6, 1] :  5.368922884527969
[6, 2] :  5.18061608820754
[6, 3] :  4.846418754782336
[6, 4] :  4.9436396601137895
[6, 5] :  4.938539860252466
[6, 6] :  4.971627155126022
