[1, 1] :  8.203607300412083
[1, 2] :  7.361521686328919
[1, 3] :  7.401951586005316
[1, 4] :  6.850452819332491
[1, 5] :  7.011982897825593
[1, 6] :  6.939011167423931
[1, 7] :  7.018975010435069
[1, 8] :  6.870898055335484
[2, 1] :  5.982102572651607
[2, 2] :  5.921892957750538
[2, 3] :  5.611257533342676
[2, 4] :  5.608257290836308
[2, 5] :  5.492115242278444
[2, 6] :  5.49070297763666
[2, 7] :  5.523839845431315
[2, 8] :  5.607652662657848
[3, 1] :  5.775436645908034
[3, 2] :  5.638017181716649
[3, 3] :  5.539235388082502
[3, 4] :  5.453623404909161
[3, 5] :  5.665531421836924
[3, 6] :  5.552415804912808
[3, 7] :  5.465568403785914
[3, 8] :  5.29727635633424
[4, 1] :  5.5927293196642385
[4, 2] :  5.527776557403898
[4, 3] :  5.495375132769912
[4, 4] :  5.497354470922197
[4, 5] :  5.4389642539704335
[4, 6] :  5.383425972584307
[4, 7] :  5.570988446813621
[4, 8] :  5.555223765519774
[5, 1] :  5.6330362541051455
[5, 2] :  5.546006189064665
[5, 3] :  5.47681193543562
[5, 4] :  5.506142091635212
[5, 5] :  5.41956818898846
[5, 6] :  5.444226868519637
[5, 7] :  5.419045876366681
[5, 8] :  5.519821916359271
[6, 1] :  5.5216276100937876
[6, 2] :  5.613906878989061
[6, 3] :  5.433981011209287
[6, 4] :  5.405320649134886
[6, 5] :  5.3923284636251445
[6, 6] :  5.3770995982395
[6, 7] :  5.5128366669077415
[6, 8] :  5.441693057976327
[7, 1] :  5.61118621412265
[7, 2] :  5.5317650775980685
[7, 3] :  5.431914969631142
[7, 4] :  5.499869705031747
[7, 5] :  5.499507081629673
[7, 6] :  5.422251218345505
[7, 7] :  5.544713016282134
[7, 8] :  5.808440927840138
[8, 1] :  5.594317679912287
[8, 2] :  5.621506341492478
[8, 3] :  5.476208640420566
[8, 4] :  5.447512291387252
[8, 5] :  5.46428683818856
[8, 6] :  5.519804394309922
[8, 7] :  5.4105384817752
[8, 8] :  5.66429092959655
