[1, 1] :  7.628012275598532
[1, 2] :  6.964074068115158
[1, 3] :  7.070390585661052
[1, 4] :  6.761153546960937
[1, 5] :  6.726139910703369
[1, 6] :  6.702805464235714
[1, 7] :  6.663708240369571
[1, 8] :  6.700700739570982
[2, 1] :  5.918798719691914
[2, 2] :  5.788214695247625
[2, 3] :  5.603417795583644
[2, 4] :  5.5537146690961325
[2, 5] :  5.489310572652014
[2, 6] :  5.48857645232178
[2, 7] :  5.41152698752291
[2, 8] :  5.49020447391074
[3, 1] :  5.654644253165227
[3, 2] :  5.6450525947492896
[3, 3] :  5.406209033886322
[3, 4] :  5.519347427556745
[3, 5] :  5.389260284299352
[3, 6] :  5.476963983377031
[3, 7] :  5.383484669792017
[3, 8] :  5.417689991164336
[4, 1] :  5.5221844670003035
[4, 2] :  5.622446833759264
[4, 3] :  5.490178490287123
[4, 4] :  5.412437115028055
[4, 5] :  5.288914103248715
[4, 6] :  5.2647823535945015
[4, 7] :  5.408177642641661
[4, 8] :  5.390358180465654
[5, 1] :  5.485642190068354
[5, 2] :  5.5083364772190375
[5, 3] :  5.401058824328711
[5, 4] :  5.417688698099441
[5, 5] :  5.264121353634731
[5, 6] :  5.388273011396394
[5, 7] :  5.451146375275586
[5, 8] :  5.303753768869514
[6, 1] :  5.525167093234048
[6, 2] :  5.44371188589518
[6, 3] :  5.402219454027296
[6, 4] :  5.325089909614251
[6, 5] :  5.328951084141215
[6, 6] :  5.314069598402966
[6, 7] :  5.404069101090838
[6, 8] :  5.306695150491048
[7, 1] :  5.453815788351174
[7, 2] :  5.449649553580818
[7, 3] :  5.220744844006381
[7, 4] :  5.245847321450606
[7, 5] :  5.302130097037288
[7, 6] :  5.220460772855107
[7, 7] :  5.361666756852921
[7, 8] :  5.386596402067334
[8, 1] :  5.467722351664337
[8, 2] :  5.470473085316164
[8, 3] :  5.226082786496891
[8, 4] :  5.294081479710872
[8, 5] :  5.300106385035033
[8, 6] :  5.248469934396258
[8, 7] :  5.318673376493329
[8, 8] :  5.304474414422529