3 7.105564884649448 2.2098027501724262 15.806357662937923
5 6.871684208635698 2.0789109773959042 15.163454365237698
10 6.685699864759121 1.9862268360772224 14.686027405411362
15 6.62735067307723 1.9731458916402775 14.566816989825504
20 6.59442890711604 1.9543093979266624 14.485725211384377
30 6.568567460609761 1.947457273912907 14.396492857057014
50 6.54323584741841 1.9297064149615561 14.303398714520739
100 6.5200001325820764 1.9216994613037393 14.254043743228735
150 6.513975246953641 1.9208280602088759 14.232479895561578
200 6.512575220848116 1.9179279186089668 14.228253176360544
250 6.508147384408377 1.916401886971298 14.232958138370604
300 6.507383988237307 1.9142238700902392 14.222084776118418
400 6.510055646085149 1.915582120810031 14.223733332054238
500 6.509237313853323 1.9139906904155177 14.22526323739452
