[1, 1, 1] :  8.325046967138537  ,  15.168651816825193
[1, 1, 2] :  7.9109269487005545  ,  13.997989884197425
[1, 1, 3] :  8.370280014480052  ,  15.283828806746172
[1, 1, 4] :  7.748139403484304  ,  13.901911818167495
[1, 1, 5] :  7.77781340017924  ,  13.624628533079157
[1, 1, 6] :  7.898120634268972  ,  13.855419779375339
[1, 2, 1] :  6.8136371156950055  ,  11.743821084109552
[1, 2, 2] :  8.321380444161605  ,  15.869925512705114
[1, 2, 3] :  7.198219032311602  ,  12.4073483787956
[1, 2, 4] :  6.70419475959935  ,  11.356338196422744
[1, 2, 5] :  7.023618214415502  ,  12.540452768015864
[1, 2, 6] :  6.623474653436885  ,  11.77629880954114
[1, 3, 1] :  7.278912442635593  ,  11.98662577356609
[1, 3, 2] :  6.881479451906131  ,  12.076306070409087
[1, 3, 3] :  6.817304555452145  ,  12.370506370943245
[1, 3, 4] :  7.2855987434788965  ,  12.204666261373436
[1, 3, 5] :  6.768337726589497  ,  12.717993734822677
[1, 3, 6] :  7.184151845172067  ,  13.266562578930435
[1, 4, 1] :  7.483463322363312  ,  11.931273827502913
[1, 4, 2] :  6.745466791825756  ,  11.19629012066203
[1, 4, 3] :  6.9452999334131675  ,  11.759039970359726
[1, 4, 4] :  6.81164074798866  ,  11.874853301189432
[1, 4, 5] :  7.502958535940033  ,  11.913406811514765
[1, 4, 6] :  6.733108902331615  ,  12.075726065980628
[1, 5, 1] :  6.537570435075146  ,  11.985300214233956
[1, 5, 2] :  6.837561411404264  ,  11.427772060898821
[1, 5, 3] :  6.640929679215295  ,  11.773508659725218
[1, 5, 4] :  7.257319789067128  ,  12.580331449097953
[1, 5, 5] :  6.610499509006886  ,  11.784759870834918
[1, 5, 6] :  6.8997393278074775  ,  12.056397422551303
[1, 6, 1] :  6.689557719157095  ,  12.109478511015492
[1, 6, 2] :  6.803791238620969  ,  11.912142158134582
[1, 6, 3] :  6.566631231636519  ,  11.874283542296233
[1, 6, 4] :  6.659405919280378  ,  11.769136416791579
[1, 6, 5] :  6.585703789625425  ,  11.89291041705246
[1, 6, 6] :  6.607733897995537  ,  11.945476050035776
[2, 1, 1] :  5.886544095565879  ,  11.41608508291694
[2, 1, 2] :  5.818141121529136  ,  11.087031137005575
[2, 1, 3] :  5.672648807848116  ,  10.609262454693916
[2, 1, 4] :  5.521035826255174  ,  10.630425035733108
[2, 1, 5] :  5.493513355961189  ,  10.536606260963627
[2, 1, 6] :  5.428917257557961  ,  10.17091997378299
[2, 2, 1] :  5.964824218750996  ,  10.63567969389882
[2, 2, 2] :  5.878067139439264  ,  10.378874651763061
[2, 2, 3] :  5.635953400641418  ,  10.263335267826061
[2, 2, 4] :  5.5864372017520445  ,  10.041549161515945
[2, 2, 5] :  5.605970500186471  ,  11.314244245017878
[2, 2, 6] :  5.480700357841629  ,  10.21025206041638
[2, 3, 1] :  5.633001758170073  ,  9.854275504392978
[2, 3, 2] :  5.450686183202505  ,  10.489073209741102
[2, 3, 3] :  5.47599233355179  ,  10.23318948378612
[2, 3, 4] :  5.513354501689945  ,  10.160264925206832
[2, 3, 5] :  5.484724365643829  ,  11.270445108401601
[2, 3, 6] :  5.34629081496538  ,  9.510338237039708
[2, 4, 1] :  5.88564663592944  ,  11.138898358778862
[2, 4, 2] :  5.740147940576538  ,  10.416704829781864
[2, 4, 3] :  5.394264492339326  ,  10.045813973829178
[2, 4, 4] :  5.528567674896739  ,  9.879148810349964
[2, 4, 5] :  5.491690234644635  ,  10.359777387071466
[2, 4, 6] :  5.44249272368965  ,  9.923610221894833
[2, 5, 1] :  5.4670299336497505  ,  10.532834418095383
[2, 5, 2] :  5.462110161467687  ,  10.320370776935475
[2, 5, 3] :  5.497251475371927  ,  10.28446866051329
[2, 5, 4] :  5.4197634378922155  ,  9.854581296967968
[2, 5, 5] :  5.218724153240603  ,  9.849970747279357
[2, 5, 6] :  5.420118197984671  ,  9.301110427093342
[2, 6, 1] :  5.650638820719583  ,  10.288421838160136
[2, 6, 2] :  5.600310347000565  ,  10.426976934339208
[2, 6, 3] :  5.555518887808422  ,  10.313228239469817
[2, 6, 4] :  5.288632497673792  ,  9.586580563275069
[2, 6, 5] :  5.372181218208702  ,  9.595908205611995
[2, 6, 6] :  5.517491616611872  ,  9.851807488575925
[3, 1, 1] :  5.6324210283752265  ,  11.171347286894907
[3, 1, 2] :  5.556602730022368  ,  10.683652944985262
[3, 1, 3] :  5.447174815472722  ,  10.797746304979349
[3, 1, 4] :  5.542878788183412  ,  10.592216142910125
[3, 1, 5] :  5.41653709730133  ,  10.328090979050202
[3, 1, 6] :  5.4158099463873155  ,  9.787885090075147
[3, 2, 1] :  5.832877943214607  ,  11.120944797490363
[3, 2, 2] :  5.635182932634375  ,  10.034099188646437
[3, 2, 3] :  5.451174255941438  ,  10.271558779632832
[3, 2, 4] :  5.4255492562588135  ,  9.499830737442378
[3, 2, 5] :  5.5057917765189766  ,  10.356606244202036
[3, 2, 6] :  5.3538425216455625  ,  9.451059870535314
[3, 3, 1] :  5.602158811821125  ,  10.378695170041787
[3, 3, 2] :  5.672435365673404  ,  11.31465643981552
[3, 3, 3] :  5.335327052561652  ,  9.585282045703659
[3, 3, 4] :  5.324934838892705  ,  9.134873189751794
[3, 3, 5] :  5.442702747571509  ,  10.146577048743119
[3, 3, 6] :  5.369504006920188  ,  9.606651573422907
[3, 4, 1] :  5.747963033274349  ,  10.349334203841615
[3, 4, 2] :  5.392969914048538  ,  9.70584231565952
[3, 4, 3] :  5.376059179358687  ,  9.610946788436593
[3, 4, 4] :  5.290101316873036  ,  9.497023123666528
[3, 4, 5] :  5.559246606449359  ,  10.3026052278231
[3, 4, 6] :  5.321707837746525  ,  9.528704786803386
[3, 5, 1] :  5.452579113364955  ,  10.11513675714209
[3, 5, 2] :  5.479801155188354  ,  9.912541081338041
[3, 5, 3] :  5.377619284855001  ,  9.556872989683198
[3, 5, 4] :  5.259078421405876  ,  9.554652107291313
[3, 5, 5] :  5.390618466969691  ,  9.751047340751477
[3, 5, 6] :  5.612977872028257  ,  10.387662682294009
[3, 6, 1] :  5.421113024725514  ,  9.60515840576695
[3, 6, 2] :  5.485690256924101  ,  10.08549392471827
[3, 6, 3] :  5.435166742446473  ,  9.666476297836219
[3, 6, 4] :  5.32716438585739  ,  9.101583245633215
[3, 6, 5] :  5.362255679796288  ,  9.45311741942437
[3, 6, 6] :  5.354648611966427  ,  9.326045707022892
[4, 1, 1] :  5.5769684916322975  ,  10.32841738797579
[4, 1, 2] :  5.592304313135951  ,  10.490180654973045
[4, 1, 3] :  5.370465475507217  ,  10.180852369275872
[4, 1, 4] :  5.442265294732275  ,  10.239197430568776
[4, 1, 5] :  5.296845048337789  ,  10.296767113603806
[4, 1, 6] :  5.396905832765013  ,  10.038442356642118
[4, 2, 1] :  5.718534717070774  ,  10.121152150471433
[4, 2, 2] :  5.633566986551171  ,  9.92032204069956
[4, 2, 3] :  5.57796647646977  ,  10.05543552347783
[4, 2, 4] :  5.515391833895928  ,  9.670254890855748
[4, 2, 5] :  5.4417580183012095  ,  9.665662903879852
[4, 2, 6] :  5.293303829554197  ,  9.274520833734641
[4, 3, 1] :  5.7213956007629285  ,  10.84242320822322
[4, 3, 2] :  5.363404941042996  ,  9.824373120090598
[4, 3, 3] :  5.341464340182245  ,  9.134315551040313
[4, 3, 4] :  5.301019819881136  ,  9.760603287353554
[4, 3, 5] :  5.180099291676944  ,  9.403760779202443
[4, 3, 6] :  5.343673526008064  ,  9.364097509322685
[4, 4, 1] :  5.514785768969771  ,  10.347546013163127
[4, 4, 2] :  5.504623782416854  ,  10.244413605084258
[4, 4, 3] :  5.308001843343273  ,  9.787616474655707
[4, 4, 4] :  5.329072491716894  ,  9.184387275840697
[4, 4, 5] :  5.259758691482115  ,  9.917243064687474
[4, 4, 6] :  5.279733821460576  ,  9.632341350085582
[4, 5, 1] :  5.497918107546365  ,  10.304522982779861
[4, 5, 2] :  5.364933936599545  ,  9.78150182040023
[4, 5, 3] :  5.39455417083321  ,  10.316989503440208
[4, 5, 4] :  5.332175777323908  ,  9.830078117427014
[4, 5, 5] :  5.321974580521371  ,  9.53223238080717
[4, 5, 6] :  5.467937107380452  ,  9.316865801179304
[4, 6, 1] :  5.45976094162936  ,  10.049303647765147
[4, 6, 2] :  5.602081761743912  ,  10.430936375328749
[4, 6, 3] :  5.270656454279022  ,  9.743171519857352
[4, 6, 4] :  5.35109239271234  ,  9.745299429581022
[4, 6, 5] :  5.476545333395676  ,  10.005590747467668
[4, 6, 6] :  5.38595610290213  ,  9.483166304830863
[5, 1, 1] :  5.572151722685687  ,  10.479100719798184
[5, 1, 2] :  5.46711557807852  ,  10.570305873222601
[5, 1, 3] :  5.408758100220289  ,  10.342997376459996
[5, 1, 4] :  5.343234627413009  ,  10.831555345746523
[5, 1, 5] :  5.3554527872867865  ,  10.789433550888134
[5, 1, 6] :  5.4178734066649605  ,  9.833375340198256
[5, 2, 1] :  5.561323459006283  ,  10.096858778828079
[5, 2, 2] :  5.803846870787146  ,  11.767960039268804
[5, 2, 3] :  5.569947262358463  ,  9.659884096499518
[5, 2, 4] :  5.39742212406974  ,  9.69978657704236
[5, 2, 5] :  5.482740089464075  ,  9.735820969451927
[5, 2, 6] :  5.335359750721931  ,  9.38885453334968
[5, 3, 1] :  5.372616555632775  ,  9.604949200018869
[5, 3, 2] :  5.438778652259872  ,  9.92593663880699
[5, 3, 3] :  5.383591996178405  ,  9.74789526034116
[5, 3, 4] :  5.266582448994799  ,  10.312837579130758
[5, 3, 5] :  5.440455458358618  ,  10.02255598077171
[5, 3, 6] :  5.3417029871688255  ,  9.047481697360165
[5, 4, 1] :  5.313563127174136  ,  9.933757652268966
[5, 4, 2] :  5.399572544198829  ,  9.885959964757088
[5, 4, 3] :  5.636676227068227  ,  11.334214407975349
[5, 4, 4] :  5.250831740933918  ,  9.343079573423402
[5, 4, 5] :  5.35722552008392  ,  9.558587493642388
[5, 4, 6] :  5.334170004790195  ,  8.982847281200428
[5, 5, 1] :  5.491986728978309  ,  9.988340579075498
[5, 5, 2] :  5.472584550885182  ,  9.99162128754015
[5, 5, 3] :  5.390562433800644  ,  10.27584205984243
[5, 5, 4] :  5.387474234335114  ,  9.960401478374887
[5, 5, 5] :  5.546987988585153  ,  9.666790118704867
[5, 5, 6] :  5.480064496796775  ,  9.357942791405728
[5, 6, 1] :  5.366551781086274  ,  9.856626730858233
[5, 6, 2] :  5.665425108551866  ,  10.24499601181462
[5, 6, 3] :  5.5077449790864  ,  9.629618732356086
[5, 6, 4] :  5.3581796398996255  ,  9.183386706810921
[5, 6, 5] :  5.436348175496899  ,  9.473162623105658
[5, 6, 6] :  5.395328123465908  ,  9.299842890680692
