[1, 1, 1] :  7.70403315643072  ,  14.019395207496544
[1, 1, 2] :  7.527693170940211  ,  13.679156601379667
[1, 1, 3] :  7.426677295530968  ,  13.070811698486203
[1, 1, 4] :  7.492595277547824  ,  12.87856053353445
[1, 1, 5] :  7.475663372339375  ,  13.230946372515675
[1, 1, 6] :  7.510708686189989  ,  13.156024755220976
[1, 2, 1] :  7.01171374017733  ,  12.004671569228137
[1, 2, 2] :  6.625110674744056  ,  11.598371923003967
[1, 2, 3] :  6.652800841200993  ,  11.46237962205359
[1, 2, 4] :  6.537069356566596  ,  11.535563467406831
[1, 2, 5] :  6.751440280439844  ,  11.656719568017003
[1, 2, 6] :  6.744008477128998  ,  11.854921371908517
[1, 3, 1] :  6.687629124695947  ,  11.769828894885054
[1, 3, 2] :  6.919395046004684  ,  11.667007262500636
[1, 3, 3] :  6.829628712215966  ,  11.689987269276957
[1, 3, 4] :  6.490911592668592  ,  11.369094040865491
[1, 3, 5] :  6.746118221222492  ,  11.770166390519229
[1, 3, 6] :  6.543947947730219  ,  11.520380697406203
[1, 4, 1] :  6.954761645667833  ,  11.475385481394024
[1, 4, 2] :  6.596144480410464  ,  11.258000484456602
[1, 4, 3] :  6.74226248344168  ,  11.333142072813844
[1, 4, 4] :  6.672140899144154  ,  11.538898229520424
[1, 4, 5] :  6.7513840309689375  ,  11.676343845880881
[1, 4, 6] :  6.532809400462354  ,  11.537916331121401
[1, 5, 1] :  6.83401992202228  ,  11.745511838565768
[1, 5, 2] :  6.749988222697493  ,  11.716451832366658
[1, 5, 3] :  6.576023734143938  ,  11.55071145809471
[1, 5, 4] :  6.686454381858475  ,  11.382544582315871
[1, 5, 5] :  6.467291352212419  ,  11.588694054646306
[1, 5, 6] :  6.5076598594252  ,  11.243942759206005
[1, 6, 1] :  6.731900952998679  ,  11.84487239970532
[1, 6, 2] :  6.506813820424211  ,  11.659304478479942
[1, 6, 3] :  6.511181782506291  ,  11.542764812249889
[1, 6, 4] :  6.489784595298678  ,  11.217397348663155
[1, 6, 5] :  6.517199355727278  ,  11.108936502699159
[1, 6, 6] :  6.5334574493819915  ,  11.388029850003191
[2, 1, 1] :  5.830873885168289  ,  10.867796412696936
[2, 1, 2] :  5.70974926135522  ,  10.973860419808812
[2, 1, 3] :  5.5518083260194375  ,  10.534792641228805
[2, 1, 4] :  5.4665626976507635  ,  10.114775150429155
[2, 1, 5] :  5.356158444243751  ,  10.338777329327641
[2, 1, 6] :  5.396721550291449  ,  10.303941390580839
[2, 2, 1] :  5.70023717880462  ,  10.398352826889532
[2, 2, 2] :  5.788463091966461  ,  10.62887062954345
[2, 2, 3] :  5.6180351906570145  ,  9.823270164971028
[2, 2, 4] :  5.417510954444063  ,  9.685683582868778
[2, 2, 5] :  5.4819233827953955  ,  9.860971995700712
[2, 2, 6] :  5.530513589659101  ,  9.912245301490081
[2, 3, 1] :  5.566423726930427  ,  9.94563487534752
[2, 3, 2] :  5.502119425019677  ,  9.640145246736349
[2, 3, 3] :  5.410908892439487  ,  9.626653261888093
[2, 3, 4] :  5.32063761149506  ,  9.99882900257386
[2, 3, 5] :  5.20258272091141  ,  9.168054396347028
[2, 3, 6] :  5.332490625702001  ,  9.47695448782821
[2, 4, 1] :  5.593642154685217  ,  10.173829801481176
[2, 4, 2] :  5.467008328596783  ,  9.57368631688551
[2, 4, 3] :  5.272392472234044  ,  9.26919959696043
[2, 4, 4] :  5.316926481996923  ,  9.516382886342871
[2, 4, 5] :  5.40454890995761  ,  9.82567692254803
[2, 4, 6] :  5.277408797158657  ,  9.354796238592483
[2, 5, 1] :  5.4511942794845005  ,  10.336825522680073
[2, 5, 2] :  5.5555807235248045  ,  10.021328992081314
[2, 5, 3] :  5.473294598179657  ,  9.685999855431916
[2, 5, 4] :  5.210841931745605  ,  9.752917831709883
[2, 5, 5] :  5.421628522310303  ,  9.713021278436901
[2, 5, 6] :  5.3391357682124  ,  9.381722729236834
[2, 6, 1] :  5.536487477005023  ,  10.088945391050768
[2, 6, 2] :  5.404960586464073  ,  9.80208881873332
[2, 6, 3] :  5.539706054512729  ,  10.000514478996289
[2, 6, 4] :  5.3359628620619475  ,  9.898053162108045
[2, 6, 5] :  5.356848818534516  ,  9.415270196060888
[2, 6, 6] :  5.356705379880189  ,  9.32281936760625
[3, 1, 1] :  5.607273273278122  ,  10.593595049696194
[3, 1, 2] :  5.482583480965092  ,  10.537158875094224
[3, 1, 3] :  5.499530812941333  ,  10.28486757598689
[3, 1, 4] :  5.38680519429033  ,  10.157666319220592
[3, 1, 5] :  5.3867265448629285  ,  9.963656580461763
[3, 1, 6] :  5.3776249046089175  ,  9.881031313068167
[3, 2, 1] :  5.617922471073522  ,  10.461009460442924
[3, 2, 2] :  5.468772295010414  ,  10.094719365316799
[3, 2, 3] :  5.485640821063031  ,  10.216297589944633
[3, 2, 4] :  5.450224332855259  ,  9.803015680316399
[3, 2, 5] :  5.440456018002668  ,  9.852623873987017
[3, 2, 6] :  5.47042526612368  ,  9.537349313736792
[3, 3, 1] :  5.579199123134321  ,  10.269338951935303
[3, 3, 2] :  5.349473870201213  ,  9.905226198242055
[3, 3, 3] :  5.4680139733596835  ,  9.54833311005241
[3, 3, 4] :  5.319226623553017  ,  9.640916168348898
[3, 3, 5] :  5.29110592336891  ,  9.701419397295954
[3, 3, 6] :  5.2816320420610126  ,  9.181896445942431
[3, 4, 1] :  5.420560674526078  ,  9.947911597660834
[3, 4, 2] :  5.434889383807503  ,  9.451828990773965
[3, 4, 3] :  5.185223647537115  ,  9.682700291859984
[3, 4, 4] :  5.380106475609326  ,  9.292774270464395
[3, 4, 5] :  5.3243679624308236  ,  9.686629060375893
[3, 4, 6] :  5.293689605254151  ,  9.3471700727059
[3, 5, 1] :  5.398220759081012  ,  9.785279352248452
[3, 5, 2] :  5.374966395935182  ,  9.907250328135145
[3, 5, 3] :  nan  ,  nan
[3, 5, 4] :  5.137438974582066  ,  9.661713696824435
[3, 5, 5] :  5.286087986031099  ,  9.375013812860193
[3, 5, 6] :  5.330001714650447  ,  9.20298662184232
[3, 6, 1] :  5.3860500878614435  ,  9.565499993132018
[3, 6, 2] :  5.301288972102164  ,  9.504796826793136
[3, 6, 3] :  5.3148211115630115  ,  9.637379347588858
[3, 6, 4] :  5.257458389112401  ,  9.520783611039192
[3, 6, 5] :  5.309109758361856  ,  9.587661538358947
[3, 6, 6] :  5.323306240962678  ,  9.041941895227454
[4, 1, 1] :  5.530194729217629  ,  10.231289985426416
[4, 1, 2] :  5.4978066524367275  ,  10.166102525638536
[4, 1, 3] :  5.3715409411687345  ,  10.004565127263287
[4, 1, 4] :  5.299722656813166  ,  9.952038128308201
[4, 1, 5] :  5.306554758719633  ,  10.039689399594105
[4, 1, 6] :  5.319167943758705  ,  9.85394871852652
[4, 2, 1] :  5.651899490276309  ,  9.92791417383409
[4, 2, 2] :  5.447859834383248  ,  9.603495949616615
[4, 2, 3] :  5.459321369352626  ,  9.60147873510061
[4, 2, 4] :  5.38174136049278  ,  9.868966051572414
[4, 2, 5] :  5.393862582234436  ,  9.851254799261234
[4, 2, 6] :  5.323545809136131  ,  9.414443013128786
[4, 3, 1] :  5.438211328753166  ,  9.892592280451538
[4, 3, 2] :  5.319809220250027  ,  9.614086294594753
[4, 3, 3] :  5.426785193459318  ,  9.31837599798094
[4, 3, 4] :  5.2081696951177054  ,  9.071776652488477
[4, 3, 5] :  5.219355984486008  ,  9.405356072990468
[4, 3, 6] :  5.2682718443348175  ,  9.28090187455307
[4, 4, 1] :  5.396999953688406  ,  9.75068734530629
[4, 4, 2] :  5.37901023224075  ,  9.803234002441446
[4, 4, 3] :  5.456007281340134  ,  9.59971380349943
[4, 4, 4] :  5.298370483300346  ,  9.540309250418522
[4, 4, 5] :  5.2909017750642775  ,  9.156002674170452
[4, 4, 6] :  5.250127744196789  ,  9.045284875305025
[4, 5, 1] :  5.3914414800538975  ,  10.142978550539276
[4, 5, 2] :  5.2977179634068285  ,  9.509187956525391
[4, 5, 3] :  5.360294750286753  ,  9.150833150705877
[4, 5, 4] :  5.311094648407998  ,  9.609656721337334
[4, 5, 5] :  5.270075851882066  ,  9.316412713611207
[4, 5, 6] :  5.3616117827083425  ,  9.265156377807855
[4, 6, 1] :  5.406827519337838  ,  9.482391974205779
[4, 6, 2] :  5.2560655660291085  ,  9.42797078532822
[4, 6, 3] :  5.302969893036174  ,  9.512948769842996
[4, 6, 4] :  5.3492055815087935  ,  9.453753724909394
[4, 6, 5] :  5.338218477244965  ,  9.12960482813925
[4, 6, 6] :  5.387886396618378  ,  9.488547046105388
[5, 1, 1] :  5.569037350317105  ,  10.452974733198861
[5, 1, 2] :  5.390306451047777  ,  10.315023958014532
[5, 1, 3] :  5.310068285967243  ,  10.138986655889962
[5, 1, 4] :  5.3411467094758684  ,  10.356866909458237
[5, 1, 5] :  5.286888284959196  ,  9.989976429560507
[5, 1, 6] :  5.3310265637204495  ,  9.823971767689532
[5, 2, 1] :  5.431276533262782  ,  9.58703665754085
[5, 2, 2] :  5.577980240706127  ,  10.046663886433134
[5, 2, 3] :  5.314251112100118  ,  9.363857002329024
[5, 2, 4] :  5.3563960110796796  ,  9.471684786175341
[5, 2, 5] :  5.314466258629292  ,  9.79786833059402
[5, 2, 6] :  5.271868915010446  ,  9.35463713322141
[5, 3, 1] :  nan  ,  nan
[5, 3, 2] :  5.181482008675159  ,  9.373798426351517
[5, 3, 3] :  5.2359697006951  ,  9.637453927065323
[5, 3, 4] :  5.255625527977666  ,  9.352271785611212
[5, 3, 5] :  5.233976684673211  ,  9.395394843085644
[5, 3, 6] :  5.256385863808314  ,  9.41348701851777
[5, 4, 1] :  5.247632440383407  ,  9.645100083644206
[5, 4, 2] :  5.331916656003391  ,  9.50618348456571
[5, 4, 3] :  5.271628242341511  ,  9.479774004821646
[5, 4, 4] :  5.246090440104954  ,  9.010244153865195
[5, 4, 5] :  5.2157214284255975  ,  9.3126171181978
[5, 4, 6] :  5.49938244868333  ,  9.339294096045926
[5, 5, 1] :  nan  ,  nan
[5, 5, 2] :  5.240554391331299  ,  9.913334700515925
[5, 5, 3] :  5.228148213155794  ,  9.544508662809747
[5, 5, 4] :  5.346597768339001  ,  9.403429333623812
[5, 5, 5] :  5.237925217161289  ,  9.277143472461315
[5, 5, 6] :  5.367301063746332  ,  8.992401160778735
[5, 6, 1] :  5.2587828532768235  ,  9.312457707738073
[5, 6, 2] :  5.346286900618896  ,  9.38427946198754
[5, 6, 3] :  5.341975600466032  ,  8.934507802289339
[5, 6, 4] :  5.360242968859872  ,  9.130120174849598
[5, 6, 5] :  5.2763307601977285  ,  9.355775484101613
[5, 6, 6] :  5.237727627145279  ,  9.259004506028525
[6, 1, 1] :  5.499377983420494  ,  10.315274716477674
[6, 1, 2] :  5.367231894979931  ,  10.241862254874619
[6, 1, 3] :  5.33075104869401  ,  10.094934678287697
[6, 1, 4] :  5.2354510200675435  ,  9.895810128829805
[6, 1, 5] :  5.342196046858101  ,  9.724558973679459
[6, 1, 6] :  5.209412392258592  ,  9.846852259631056
[6, 2, 1] :  5.641527704493264  ,  10.096381909728326
[6, 2, 2] :  5.490804813861677  ,  9.691119751680654
[6, 2, 3] :  nan  ,  nan
[6, 2, 4] :  5.427358224582146  ,  9.444790917035927
[6, 2, 5] :  5.382320871132259  ,  9.51050656895601
[6, 2, 6] :  5.222659452381729  ,  9.095241676665463
[6, 3, 1] :  5.463379209376939  ,  9.662557542563611
[6, 3, 2] :  5.378033383117311  ,  9.491346051829934
[6, 3, 3] :  5.240396402856637  ,  9.469409600246275
[6, 3, 4] :  5.265686528671019  ,  9.237281786679205
[6, 3, 5] :  nan  ,  nan
[6, 3, 6] :  5.379991927193426  ,  9.400100873023202
[6, 4, 1] :  5.3086795034429395  ,  9.165799142221692
[6, 4, 2] :  5.341692107858449  ,  9.37940736372775
[6, 4, 3] :  5.2800497138642815  ,  9.349813399736469
[6, 4, 4] :  5.24237047242894  ,  9.237319468875382
[6, 4, 5] :  5.286319601882967  ,  9.004176343537658
[6, 4, 6] :  5.229625783355482  ,  9.119862273912794
[6, 5, 1] :  5.327843520671683  ,  9.442338645848912
[6, 5, 2] :  5.292991820145243  ,  9.448087334130296
[6, 5, 3] :  5.339798256432205  ,  9.243797393438118
[6, 5, 4] :  5.32949641523046  ,  9.111308866914275
[6, 5, 5] :  5.302632216971274  ,  9.400730030821812
[6, 5, 6] :  5.280500577760637  ,  9.158530129903873
[6, 6, 1] :  5.348912158524041  ,  9.520909728773319
[6, 6, 2] :  5.4205758113241025  ,  9.400971470796105
[6, 6, 3] :  5.327510349984701  ,  9.510576041043473
[6, 6, 4] :  5.274421409608234  ,  9.37174928001225
[6, 6, 5] :  5.225053839800491  ,  9.361801828466165
[6, 6, 6] :  5.317415172366431  ,  9.209823868351108
