[1, 0] :  9.822581386742987
[1, 1] :  9.532999778944985
[1, 2] :  9.501998991955148
[1, 3] :  9.64749113171564
[1, 4] :  9.336218664399969
[1, 5] :  9.022120312737748
[1, 6] :  9.009199805687949
[1, 7] :  9.061662278553754
[1, 8] :  9.107455580131798
[1, 9] :  9.037856618674347
[1, 10] :  9.268509336003302
[2, 0] :  7.119770141676773
[2, 1] :  7.035372543236136
[2, 2] :  6.832950112602502
[2, 3] :  6.530843501827409
[2, 4] :  6.492962750023025
[2, 5] :  6.512969588561192
[2, 6] :  6.420672658995711
[2, 7] :  6.523176118172707
[2, 8] :  6.510836245306336
[2, 9] :  6.46092174836447
[2, 10] :  6.569876235926834
[3, 0] :  6.594413000164901
[3, 1] :  6.363371942511536
[3, 2] :  6.2223429922597
[3, 3] :  6.170069601922897
[3, 4] :  6.063118281389674
[3, 5] :  6.012236235326452
[3, 6] :  6.047844412901499
[3, 7] :  6.211115172245164
[3, 8] :  6.1681932042268635
[3, 9] :  6.119846485008056
[3, 10] :  6.132767740544452
[4, 0] :  6.444551704461916
[4, 1] :  6.205294695274256
[4, 2] :  6.070675970943219
[4, 3] :  6.070878164290749
[4, 4] :  6.036198451656306
[4, 5] :  6.098935064222822
[4, 6] :  6.075309873964917
[4, 7] :  5.9922548211381095
[4, 8] :  6.136948623674602
[4, 9] :  6.047041295660115
[4, 10] :  6.092064123245422
[5, 0] :  6.333313172363497
[5, 1] :  6.232752741071787
[5, 2] :  6.117722800910077
[5, 3] :  6.071706018667028
[5, 4] :  6.079823190870617
[5, 5] :  6.031856505702345
[5, 6] :  6.102199761530128
[5, 7] :  6.018085420632373
[5, 8] :  6.049433696565649
[5, 9] :  6.040149644830681
[5, 10] :  6.063574808101423
[6, 0] :  6.2629405198061665
[6, 1] :  6.22333743437438
[6, 2] :  6.215275636084417
[6, 3] :  6.064006742474044
[6, 4] :  6.076868909850861
[6, 5] :  5.969456782775913
[6, 6] :  6.079581744288621
[6, 7] :  6.076796804073404
[6, 8] :  6.097525097212277
[6, 9] :  6.069739248228268
[6, 10] :  6.197797851914499
[7, 0] :  6.244963103610532
[7, 1] :  6.2409108594606835
[7, 2] :  6.091250178271853
[7, 3] :  6.064553552478203
[7, 4] :  6.091378122006804
[7, 5] :  6.08555821977273
[7, 6] :  5.983931317872445
[7, 7] :  6.190086387207458
[7, 8] :  6.001108849008475
[7, 9] :  6.052621422796893
[7, 10] :  6.19446759174216
