[1, 0] :  9.177833574827186
[1, 1] :  7.375518913096587
[1, 2] :  6.734460677730107
[1, 3] :  6.5677306752891615
[1, 4] :  6.427591161722136
[1, 5] :  6.3065592633418905
[1, 6] :  6.5181516782121784
[1, 7] :  6.561531094170717
[1, 8] :  6.664041490804082
[2, 0] :  6.412719211166268
[2, 1] :  5.574924235640128
[2, 2] :  5.365081728158527
[2, 3] :  5.290795198264133
[2, 4] :  5.390430008967718
[2, 5] :  5.249681996826363
[2, 6] :  5.376709891099205
[2, 7] :  5.203393657081053
[2, 8] :  5.2652197335856386
[3, 0] :  5.797668052230973
[3, 1] :  5.282851222062407
[3, 2] :  5.462809537853921
[3, 3] :  4.939023294277577
[3, 4] :  5.081973439853066
[3, 5] :  5.1469626535079875
[3, 6] :  5.2709046835440265
[3, 7] :  5.032312739374271
[3, 8] :  5.143564076853149
[4, 0] :  5.621680979659196
[4, 1] :  5.288975054367382
[4, 2] :  5.031993097508517
[4, 3] :  4.880518610562278
[4, 4] :  4.983382044348749
[4, 5] :  5.0015712719342975
[4, 6] :  5.179228452739556
[4, 7] :  5.111214531010839
[4, 8] :  5.136950269874262
[5, 0] :  5.68375311594586
[5, 1] :  5.255678757275341
[5, 2] :  5.36953945292233
[5, 3] :  4.662542594584494
[5, 4] :  5.127593805905089
[5, 5] :  5.011198019276556
[5, 6] :  5.041139005204279
[5, 7] :  5.058013905240282
[5, 8] :  4.9366429075916365
[6, 0] :  5.5875811460113205
[6, 1] :  5.178707409053797
[6, 2] :  5.282375436355332
[6, 3] :  4.957332848531901
[6, 4] :  5.167032073025192
[6, 5] :  5.020506025452771
[6, 6] :  4.962046640989265
[6, 7] :  5.059645861989099
[6, 8] :  4.884645678915029
[7, 0] :  5.486720808345676
[7, 1] :  5.273459369082932
[7, 2] :  5.16906232077951
[7, 3] :  5.018512934196996
[7, 4] :  4.953496234430835
[7, 5] :  5.0979630851655635
[7, 6] :  5.034775674853143
[7, 7] :  4.970636701674137
[7, 8] :  5.067312871415871