[1, 1] 8.954014801293837 2.990465039203857 20.34620634724428
[1, 2] 8.634603497803209 2.8875001468514006 19.37340923493312
[1, 3] 8.636789205436777 2.8632581445620846 18.940500483528147
[1, 4] 8.692034659731483 2.905643991156756 19.140496193617317
[2, 1] 7.3459638351194325 2.6006716725052375 15.84803733050793
[2, 2] 7.424011398935607 2.527155948609689 16.312259418507626
[2, 3] 7.420705242370846 2.583565517684217 15.835210838754238
[2, 4] 7.521183056293246 2.617008895204288 16.305351517914673
[3, 1] 7.441836232277617 2.680788282511789 16.25438103627058
[3, 2] 7.447165350593487 2.601960749815695 16.493464900085392
[3, 3] 7.466553671937494 2.62147806488833 15.976552463529464
[3, 4] 7.6030883661924245 2.632792562135571 16.694187325006155
[4, 1] 7.533349531284782 2.679265843520555 16.469255040048566
[4, 2] 7.510097756946862 2.6332001534064458 16.61624647111548
[4, 3] 7.483006828884533 2.669407916776322 16.018139120360082
[4, 4] 7.612575961476698 2.6582426888075523 16.679891043533864
