[1, 1, 1] :  7.812715617541478  ,  14.356861477227026
[1, 1, 2] :  7.658396808510751  ,  13.456659761872231
[1, 1, 3] :  7.92026731884749  ,  13.354636793535116
[1, 1, 4] :  7.826340015277637  ,  13.238550647138911
[1, 1, 5] :  7.659385983942558  ,  13.903126861984369
[1, 2, 1] :  7.228546598137444  ,  11.956736499426965
[1, 2, 2] :  7.057320749442199  ,  11.989825919940476
[1, 2, 3] :  6.955178701970702  ,  11.881741433625406
[1, 2, 4] :  7.117686144212949  ,  11.865462697589862
[1, 2, 5] :  7.047719780370999  ,  12.001208062579103
[1, 3, 1] :  7.017157019909045  ,  12.159069887195429
[1, 3, 2] :  6.929151307895053  ,  11.930422397188714
[1, 3, 3] :  6.8159162832266205  ,  12.096314202829424
[1, 3, 4] :  7.12448317100436  ,  11.978192572624248
[1, 3, 5] :  6.964622007338793  ,  12.261770020103562
[1, 4, 1] :  6.910637395650658  ,  12.0696621663547
[1, 4, 2] :  7.019322971028215  ,  11.895598424457875
[1, 4, 3] :  6.9529215649347815  ,  11.908626073742274
[1, 4, 4] :  6.762272633917855  ,  11.964737759879736
[1, 4, 5] :  7.120237258118557  ,  12.615774613351409
[1, 5, 1] :  6.886668590905129  ,  12.051478721251069
[1, 5, 2] :  6.906422791040143  ,  11.89996671585018
[1, 5, 3] :  6.984419655155442  ,  12.043763499878057
[1, 5, 4] :  6.876205572860998  ,  11.952510243600567
[1, 5, 5] :  6.828150978317204  ,  11.785260907468256
[2, 1, 1] :  5.830941432239453  ,  11.061963456820187
[2, 1, 2] :  5.7715317441444345  ,  11.079909421651864
[2, 1, 3] :  5.521137660976434  ,  10.620634962561503
[2, 1, 4] :  5.517173193921911  ,  10.295829633686129
[2, 1, 5] :  5.548190515825455  ,  10.723169311177191
[2, 2, 1] :  5.876868035989665  ,  10.604114719667862
[2, 2, 2] :  5.9120040286534365  ,  10.61254515758666
[2, 2, 3] :  5.630555388640324  ,  10.443912608686194
[2, 2, 4] :  5.398870919381569  ,  10.063399385447678
[2, 2, 5] :  5.554717207706416  ,  10.077698799302013
[2, 3, 1] :  5.618700803603944  ,  10.295332464117116
[2, 3, 2] :  5.688762693315301  ,  10.443055781519355
[2, 3, 3] :  5.352469852161056  ,  10.16858373988321
[2, 3, 4] :  5.392335253169241  ,  9.956646172787586
[2, 3, 5] :  5.45072863575885  ,  10.514374561888197
[2, 4, 1] :  5.7551758315838475  ,  10.337011308849487
[2, 4, 2] :  5.4431095156471745  ,  10.313653592553461
[2, 4, 3] :  5.6884794388741415  ,  10.44699443326527
[2, 4, 4] :  5.429719949332101  ,  9.82998666714061
[2, 4, 5] :  5.490337856741451  ,  9.977603140310626
[2, 5, 1] :  5.534213251714231  ,  10.590646036682013
[2, 5, 2] :  5.524555603226759  ,  10.674302404571035
[2, 5, 3] :  5.560292999021436  ,  10.15717263200831
[2, 5, 4] :  5.433622547462301  ,  10.260555107455936
[2, 5, 5] :  5.475320080921511  ,  10.060015323224398
[3, 1, 1] :  5.695723220198457  ,  10.633359701744647
[3, 1, 2] :  5.578837911238616  ,  10.644587695452746
[3, 1, 3] :  5.458384405251747  ,  10.277260699450787
[3, 1, 4] :  5.4616937980039095  ,  10.51183375677294
[3, 1, 5] :  5.332254976705687  ,  10.27941872247574
[3, 2, 1] :  5.6799093634686315  ,  10.82510690934085
[3, 2, 2] :  5.620882269597619  ,  10.401535684311604
[3, 2, 3] :  5.334942889359574  ,  9.954387716153725
[3, 2, 4] :  5.505022526868837  ,  10.268622340481384
[3, 2, 5] :  5.525058983259845  ,  9.862619006177336
[3, 3, 1] :  5.4797304061406855  ,  9.662071708215137
[3, 3, 2] :  5.487536016245116  ,  10.2818508472232
[3, 3, 3] :  5.295962457160154  ,  9.761424917601966
[3, 3, 4] :  5.260585302805467  ,  9.930286496484843
[3, 3, 5] :  5.586762915526171  ,  10.214440229828286
[3, 4, 1] :  5.509255772610562  ,  10.380309600144386
[3, 4, 2] :  5.473975169300734  ,  9.712033076951283
[3, 4, 3] :  5.404284246145534  ,  9.950992163266779
[3, 4, 4] :  5.2190150260091  ,  9.049753096290711
[3, 4, 5] :  5.311025539562325  ,  9.724581319011286
[3, 5, 1] :  5.423446477125774  ,  10.350887365058849
[3, 5, 2] :  5.4509244691437555  ,  10.346312494816473
[3, 5, 3] :  5.379930919209734  ,  9.654573101680647
[3, 5, 4] :  5.514803596827427  ,  10.221272179206474
[3, 5, 5] :  5.40636111148268  ,  9.359329546975879
[4, 1, 1] :  5.54122633938268  ,  10.45952151353188
[4, 1, 2] :  5.545882360339083  ,  10.652129791424606
[4, 1, 3] :  5.441778670197868  ,  10.208486091891576
[4, 1, 4] :  5.392343642184397  ,  10.243244206980716
[4, 1, 5] :  5.524036822500845  ,  10.821380007208386
[4, 2, 1] :  5.574103897932962  ,  9.986732299480341
[4, 2, 2] :  5.494365588024508  ,  10.26378319352435
[4, 2, 3] :  5.399713745509528  ,  9.99223805870852
[4, 2, 4] :  5.4717725976660505  ,  9.893467349628683
[4, 2, 5] :  5.3282649691244615  ,  10.210228264353159
[4, 3, 1] :  5.445664256021306  ,  10.085403173082518
[4, 3, 2] :  5.320734592997374  ,  9.965855620849037
[4, 3, 3] :  5.390671320686163  ,  10.018812550748192
[4, 3, 4] :  5.286794658019682  ,  9.474841348465247
[4, 3, 5] :  5.2595853927116245  ,  9.21675266510453
[4, 4, 1] :  5.454550929601761  ,  10.130362564157442
[4, 4, 2] :  5.4129707274135335  ,  9.999992870049159
[4, 4, 3] :  5.39321234482526  ,  10.132608584487995
[4, 4, 4] :  5.410675629111681  ,  9.617126784384588
[4, 4, 5] :  5.35739702998784  ,  10.079756930776647
[4, 5, 1] :  5.255693160201831  ,  9.652699025297359
[4, 5, 2] :  5.421286061608866  ,  9.279062850327946
[4, 5, 3] :  5.336497972301865  ,  9.4716550893847
[4, 5, 4] :  5.358273235399743  ,  9.949860749343944
[4, 5, 5] :  5.321596977541721  ,  10.064397852641976
[5, 1, 1] :  5.550781823957605  ,  10.51199131701512
[5, 1, 2] :  5.505963680932068  ,  10.830038225946028
[5, 1, 3] :  5.301715191436989  ,  10.377278446669735
[5, 1, 4] :  5.350419657535756  ,  10.647336820754203
[5, 1, 5] :  5.389567007636501  ,  9.933610738575261
[5, 2, 1] :  5.546810027286719  ,  10.312304994917458
[5, 2, 2] :  5.378696950746129  ,  9.782063657891445
[5, 2, 3] :  5.501656210926268  ,  10.221174105649355
[5, 2, 4] :  5.501663822251501  ,  9.648598620739538
[5, 2, 5] :  5.436546754439786  ,  10.148258155223022
[5, 3, 1] :  5.267394879162412  ,  9.331924806767507
[5, 3, 2] :  5.36539599242388  ,  9.57649410950119
[5, 3, 3] :  5.476278326799401  ,  9.666113814023861
[5, 3, 4] :  5.355202677649073  ,  9.640993581107182
[5, 3, 5] :  5.3754249881431875  ,  9.398577511714326
[5, 4, 1] :  5.455590112688851  ,  10.472079202177433
[5, 4, 2] :  5.543954215551197  ,  10.16918021444782
[5, 4, 3] :  5.41601013305025  ,  9.788049843192827
[5, 4, 4] :  5.330285378323634  ,  9.49195280265576
[5, 4, 5] :  5.326787670793307  ,  9.74062481564835
[5, 5, 1] :  5.565902755821351  ,  9.896754446539422
[5, 5, 2] :  5.38776767688173  ,  9.498593115589756
[5, 5, 3] :  5.474109641121988  ,  10.303776964642466
[5, 5, 4] :  5.280197863350168  ,  9.116803606990397
[5, 5, 5] :  5.488433797309092  ,  9.712855953049388
[6, 1, 1] :  5.532030567112804  ,  10.481130465258477
[6, 1, 2] :  5.552793219012512  ,  10.277216938984207
[6, 1, 3] :  5.3576186960426595  ,  10.138012197119581
[6, 1, 4] :  5.501472092864707  ,  9.965523412186391
[6, 1, 5] :  5.368315176167934  ,  9.781843318667654
[6, 2, 1] :  5.461984625274549  ,  9.427658329619181
[6, 2, 2] :  5.426567429145452  ,  9.653942386080157
[6, 2, 3] :  5.485429229872555  ,  9.927982449029477
[6, 2, 4] :  5.460830732283604  ,  10.381998438469651
[6, 2, 5] :  5.50013378691978  ,  9.439798528307826
[6, 3, 1] :  5.29824817064639  ,  9.36861703201567
[6, 3, 2] :  5.433245524987775  ,  9.543371179769988
[6, 3, 3] :  5.226145469873824  ,  9.267103876277368
[6, 3, 4] :  5.527645650692005  ,  10.199547612930566
[6, 3, 5] :  5.2179975071180476  ,  9.342151444157437
[6, 4, 1] :  5.582314417248252  ,  9.641988002932234
[6, 4, 2] :  5.356722943457192  ,  9.520945019183747
[6, 4, 3] :  5.340485679839894  ,  9.42866148097785
[6, 4, 4] :  5.343092107997704  ,  9.949957862047874
[6, 4, 5] :  5.5080443130169865  ,  9.417515844049749
[6, 5, 1] :  5.477053881631184  ,  9.54525732696655
[6, 5, 2] :  5.220437701154605  ,  9.484952667868203
[6, 5, 3] :  5.608793400092214  ,  10.539145926327926
[6, 5, 4] :  5.376821308507504  ,  9.985554327129211
[6, 5, 5] :  5.489180834629673  ,  9.991605683159875
