[1, 1, 1] :  7.640138686933911  ,  14.217919002832918
[1, 1, 2] :  7.625662544958891  ,  13.562815831995415
[1, 1, 3] :  7.448121725207522  ,  13.490881994214341
[1, 1, 4] :  7.715959819057618  ,  13.092987019750801
[1, 1, 5] :  7.512023604015496  ,  13.026084915766113
[1, 2, 1] :  6.931063053117979  ,  11.94251028651561
[1, 2, 2] :  6.79493302491618  ,  11.947451059265642
[1, 2, 3] :  6.768531549653614  ,  12.068172501941135
[1, 2, 4] :  6.75398620872066  ,  11.740545166496627
[1, 2, 5] :  6.901714194856232  ,  11.781338436964997
[1, 3, 1] :  6.919737304596669  ,  12.091736814738066
[1, 3, 2] :  6.821671968375828  ,  12.060090298727596
[1, 3, 3] :  6.888795322987742  ,  11.784922510834718
[1, 3, 4] :  6.832079429668235  ,  11.635718325227693
[1, 3, 5] :  6.750430357819843  ,  11.867295032677951
[1, 4, 1] :  6.943758642598159  ,  11.940137653580116
[1, 4, 2] :  6.834278838607485  ,  11.702926082190404
[1, 4, 3] :  6.958099452458503  ,  11.856050772510834
[1, 4, 4] :  6.742498584426676  ,  11.599197057775285
[1, 4, 5] :  6.703367075003266  ,  11.94437123061325
[1, 5, 1] :  6.891757477052472  ,  11.798238469698395
[1, 5, 2] :  6.887303524834792  ,  11.77006899284871
[1, 5, 3] :  6.724683154439042  ,  11.677481651359894
[1, 5, 4] :  6.669392761852036  ,  11.829781091008044
[1, 5, 5] :  6.814180646939969  ,  11.687900736172102
[2, 1, 1] :  5.825582183683128  ,  11.076993675382337
[2, 1, 2] :  5.8299305255390586  ,  11.10281395254507
[2, 1, 3] :  5.575541053868536  ,  10.539430285558396
[2, 1, 4] :  5.581158103993651  ,  10.323191309479334
[2, 1, 5] :  5.544565842024648  ,  10.389935313587992
[2, 2, 1] :  5.805526812547291  ,  10.665801042932678
[2, 2, 2] :  5.835931653459278  ,  10.942618026672138
[2, 2, 3] :  5.658608135952411  ,  10.357909547557824
[2, 2, 4] :  5.62024580602841  ,  10.222321017067085
[2, 2, 5] :  5.631137580592936  ,  10.246517126049348
[2, 3, 1] :  5.628288555184584  ,  10.66313454979506
[2, 3, 2] :  5.559625963788314  ,  10.498074574040142
[2, 3, 3] :  5.424356079537807  ,  10.45090113699083
[2, 3, 4] :  5.441857379130713  ,  10.190994805214611
[2, 3, 5] :  5.387643947374341  ,  10.21570700358189
[2, 4, 1] :  5.676833129830892  ,  10.36852367752728
[2, 4, 2] :  5.490402172900788  ,  10.281858590215963
[2, 4, 3] :  5.492788006489502  ,  9.940659146784103
[2, 4, 4] :  5.383100271851561  ,  10.107680631210854
[2, 4, 5] :  5.367556520939363  ,  10.192093489654535
[2, 5, 1] :  5.616331235615883  ,  10.508442349861834
[2, 5, 2] :  5.610368318317712  ,  10.449227849693136
[2, 5, 3] :  5.438328255381957  ,  10.298083090753904
[2, 5, 4] :  5.436234175969217  ,  10.241671946827992
[2, 5, 5] :  5.38913802098067  ,  10.158260895506842
[3, 1, 1] :  5.6604505399749865  ,  10.671789337883467
[3, 1, 2] :  5.619003865545012  ,  10.65242966599053
[3, 1, 3] :  5.507292649150585  ,  10.367929145108608
[3, 1, 4] :  5.496809151257917  ,  10.254274862763452
[3, 1, 5] :  5.449115959105558  ,  10.328040007716742
[3, 2, 1] :  5.763896347853601  ,  10.45652498695259
[3, 2, 2] :  5.7171449893085775  ,  10.457255291023124
[3, 2, 3] :  5.610500129696632  ,  10.339563857587681
[3, 2, 4] :  5.643530923969059  ,  10.072055052807757
[3, 2, 5] :  5.5876656694512565  ,  10.191857810837405
[3, 3, 1] :  5.628261048443842  ,  10.437788379264894
[3, 3, 2] :  5.535595326424456  ,  10.531676464161078
[3, 3, 3] :  5.444651604232033  ,  10.293622164002098
[3, 3, 4] :  5.399244705473993  ,  9.948429713510096
[3, 3, 5] :  5.401742617141265  ,  10.157122964556272
[3, 4, 1] :  5.608591059807221  ,  10.177552363897437
[3, 4, 2] :  5.517009829466517  ,  10.268916816848442
[3, 4, 3] :  5.431783266263053  ,  9.963621671681038
[3, 4, 4] :  5.363672452863812  ,  10.018170876596677
[3, 4, 5] :  5.384848000934507  ,  10.1050728453368
[3, 5, 1] :  5.608274565472546  ,  10.259746985284309
[3, 5, 2] :  5.524953225340781  ,  10.285977627420785
[3, 5, 3] :  5.420225124434744  ,  10.14771935353042
[3, 5, 4] :  5.395429466488588  ,  10.116410531694235
[3, 5, 5] :  5.439366866488514  ,  10.200762405146282
[4, 1, 1] :  5.675065251178296  ,  10.328019858818584
[4, 1, 2] :  5.619319608579169  ,  10.310092811360462
[4, 1, 3] :  5.491531687704908  ,  10.183176683599903
[4, 1, 4] :  5.492878071928358  ,  10.206600017210082
[4, 1, 5] :  5.422020877052725  ,  10.319884432792954
[4, 2, 1] :  5.743697261623559  ,  10.303112385558084
[4, 2, 2] :  5.718592396721563  ,  10.210463535860843
[4, 2, 3] :  5.592686291728231  ,  9.96522418759734
[4, 2, 4] :  5.534889907276453  ,  10.068815256151773
[4, 2, 5] :  5.520200972157915  ,  10.158128788865
[4, 3, 1] :  5.6338154694900275  ,  10.245161444007113
[4, 3, 2] :  5.498708748942319  ,  10.181553578747693
[4, 3, 3] :  5.44495535006015  ,  9.960908029742082
[4, 3, 4] :  5.3821051386484005  ,  10.001217439239559
[4, 3, 5] :  5.403526671650132  ,  10.10018310056574
[4, 4, 1] :  5.593282036010583  ,  10.222978656995078
[4, 4, 2] :  5.5393116588870335  ,  10.227734482508417
[4, 4, 3] :  5.4956514137944055  ,  9.93775769576997
[4, 4, 4] :  5.38963519718067  ,  10.05113942999418
[4, 4, 5] :  5.377784256727867  ,  10.055302349083354
[4, 5, 1] :  5.61961213959243  ,  10.213968341583042
[4, 5, 2] :  5.528535486272785  ,  10.311376302018747
[4, 5, 3] :  5.453463683641859  ,  10.049155069180904
[4, 5, 4] :  5.381234913700942  ,  10.075833466347735
[4, 5, 5] :  5.374434065706985  ,  9.965949376581403
[5, 1, 1] :  5.621251693785689  ,  10.468846767308964
[5, 1, 2] :  5.5799460906650955  ,  10.47281674565344
[5, 1, 3] :  5.480487902856657  ,  10.273949660380014
[5, 1, 4] :  5.4397620489938845  ,  10.344265069064043
[5, 1, 5] :  5.43917192852525  ,  10.26132915211955
[5, 2, 1] :  5.698145542474407  ,  10.408981819611203
[5, 2, 2] :  5.685107001828708  ,  10.312565936029394
[5, 2, 3] :  5.569105903964999  ,  10.054326758624635
[5, 2, 4] :  5.612508044198729  ,  10.165441387478165
[5, 2, 5] :  5.547915953440047  ,  10.112032899657276
[5, 3, 1] :  5.564953723676371  ,  10.148496858929896
[5, 3, 2] :  5.503022480330009  ,  10.222902533306566
[5, 3, 3] :  5.4353485915260915  ,  10.123136814380146
[5, 3, 4] :  5.4157071713266935  ,  10.095431566866212
[5, 3, 5] :  5.376896893868732  ,  10.122272959103704
[5, 4, 1] :  5.638675971244939  ,  10.299778461289149
[5, 4, 2] :  5.529540056167244  ,  10.223599355222362
[5, 4, 3] :  5.436999756151655  ,  10.05074015718538
[5, 4, 4] :  5.365628074863004  ,  10.06279646306036
[5, 4, 5] :  5.433410770723107  ,  10.124719862636983
[5, 5, 1] :  5.654484101233949  ,  10.25623137679904
[5, 5, 2] :  5.560881547729345  ,  10.409402317057566
[5, 5, 3] :  5.373253452772261  ,  10.139113389555051
[5, 5, 4] :  5.413765772999149  ,  10.169634266710824
[5, 5, 5] :  5.39494085595395  ,  10.014780373785921
[6, 1, 1] :  5.637827585171484  ,  10.358940627520699
[6, 1, 2] :  5.586733834036577  ,  10.208779006795652
[6, 1, 3] :  5.457501451510227  ,  10.031764008948176
[6, 1, 4] :  5.433934125906989  ,  9.891537341441353
[6, 1, 5] :  5.435020620850866  ,  9.778908031977137
[6, 2, 1] :  5.663407189271883  ,  10.416767450606397
[6, 2, 2] :  5.652782265192303  ,  10.326782566858657
[6, 2, 3] :  5.5544190140872125  ,  10.159562774608675
[6, 2, 4] :  5.551224315133108  ,  10.078146375503628
[6, 2, 5] :  5.558219857757573  ,  10.05103033849423
[6, 3, 1] :  5.510307148124353  ,  9.97197685369525
[6, 3, 2] :  5.516099444674392  ,  10.00919458486467
[6, 3, 3] :  5.4398900646251604  ,  9.644940330526234
[6, 3, 4] :  5.413142921306542  ,  9.747356856540897
[6, 3, 5] :  5.420810594194147  ,  9.63512678470627
[6, 4, 1] :  5.562357290790283  ,  10.088433054720781
[6, 4, 2] :  5.53190438289961  ,  10.083417810658172
[6, 4, 3] :  5.405732618116815  ,  9.822466939570816
[6, 4, 4] :  5.405141519832192  ,  9.590604337218547
[6, 4, 5] :  5.434640705683289  ,  9.640236500028085
[6, 5, 1] :  5.543981581151445  ,  10.246950138719928
[6, 5, 2] :  5.520601131871702  ,  9.968147201230138
[6, 5, 3] :  5.491598300036223  ,  9.857484102199933
[6, 5, 4] :  5.430281340129335  ,  9.717099662485795
[6, 5, 5] :  5.446519076795411  ,  9.705831404062668
