[1, 1] :  7.638848037856775
[1, 2] :  6.796805283942682
[1, 3] :  6.987584485904863
[1, 4] :  6.615838372743787
[1, 5] :  6.597558034959608
[2, 1] :  5.866495974111219
[2, 2] :  5.828679212075315
[2, 3] :  5.537842527380667
[2, 4] :  5.60606315815834
[2, 5] :  5.4865361802421155
[3, 1] :  5.795345415690642
[3, 2] :  5.627744815956637
[3, 3] :  5.438491653152891
[3, 4] :  5.517004117999786
[3, 5] :  5.510223259914951
[4, 1] :  5.622485381270898
[4, 2] :  5.646236838518089
[4, 3] :  5.3458993503494
[4, 4] :  5.5182056569255185
[4, 5] :  5.361847508505298
[5, 1] :  5.489106449869498
[5, 2] :  5.579633601009468
[5, 3] :  5.429893018836222
[5, 4] :  5.396842062503817
[5, 5] :  5.410046174096417
[6, 1] :  5.569306424069389
[6, 2] :  5.474304531387896
[6, 3] :  5.413039509285687
[6, 4] :  5.362680180068127
[6, 5] :  5.407850137018636