[1, 1] :  7.644012028904115
[1, 2] :  6.985241995958647
[1, 3] :  7.038913669584493
[1, 4] :  7.043511805595797
[1, 5] :  6.86970650343707
[1, 6] :  6.812089999422332
[1, 7] :  6.878140817748405
[2, 1] :  6.008372717750689
[2, 2] :  5.968340176733603
[2, 3] :  5.754146537979297
[2, 4] :  5.747520363441572
[2, 5] :  5.727518312367925
[2, 6] :  5.693039949896822
[2, 7] :  5.672518969690025
[3, 1] :  5.84483906268811
[3, 2] :  5.880267683683867
[3, 3] :  5.628024072190061
[3, 4] :  5.706428874623282
[3, 5] :  5.670641889338751
[3, 6] :  5.638151097739654
[3, 7] :  5.665599116644571
[4, 1] :  5.799178465506342
[4, 2] :  5.8904720339642775
[4, 3] :  5.66573820292625
[4, 4] :  5.733944652284281
[4, 5] :  5.640882815833313
[4, 6] :  5.7054714442955525
[4, 7] :  5.672587294186522
[5, 1] :  5.772620121603889
[5, 2] :  5.833624794189088
[5, 3] :  5.650515011473059
[5, 4] :  5.680190231593075
[5, 5] :  5.642876455444803
[5, 6] :  5.592049572547273
[5, 7] :  5.578535315426665
[6, 1] :  5.69551029552259
[6, 2] :  5.762519158265347
[6, 3] :  5.632398309285822
[6, 4] :  5.6227869500027365
[6, 5] :  5.657548843670025
[6, 6] :  5.6240450241813225
[6, 7] :  5.678761169058317
[7, 1] :  5.6925722477097205
[7, 2] :  5.743898823188231
[7, 3] :  5.649185345038138
[7, 4] :  5.643194247435831
[7, 5] :  5.583263590800187
[7, 6] :  5.669681148064267
[7, 7] :  5.663733772725257
