[1, 1] :  9.806049704495386
[1, 2] :  9.743799037527847
[1, 3] :  9.550239854627812
[1, 4] :  9.30359537567362
[1, 5] :  9.27919677475106
[1, 6] :  9.19912767860555
[1, 7] :  9.121504368601284
[1, 8] :  9.133092300335631
[1, 9] :  9.157565546422617
[2, 1] :  7.038309478396916
[2, 2] :  6.9568846875090635
[2, 3] :  6.757935101191255
[2, 4] :  6.56529957809582
[2, 5] :  6.59278021703592
[2, 6] :  6.585060945211441
[2, 7] :  6.673919584342611
[2, 8] :  6.657377415155368
[2, 9] :  6.66741099771604
[3, 1] :  6.514111506135226
[3, 2] :  6.210529627381132
[3, 3] :  6.137266917989693
[3, 4] :  6.2296288546209695
[3, 5] :  6.283755280547832
[3, 6] :  6.143487929324964
[3, 7] :  6.193838416024635
[3, 8] :  6.243531485679461
[3, 9] :  6.09518230139258
[4, 1] :  6.337684765843676
[4, 2] :  6.21738986497588
[4, 3] :  6.0898875763899545
[4, 4] :  6.144166001190921
[4, 5] :  6.0807733261045005
[4, 6] :  6.123936925324491
[4, 7] :  6.11122128377426
[4, 8] :  6.025508306615152
[4, 9] :  6.1437404668822255
[5, 1] :  6.1407514364653295
[5, 2] :  6.23262389796499
[5, 3] :  6.06446319911294
[5, 4] :  6.054096442302737
[5, 5] :  6.060578097226579
[5, 6] :  5.995698024974372
[5, 7] :  6.130942130121886
[5, 8] :  6.108076838433442
[5, 9] :  6.098906521127627
[6, 1] :  6.127835831867549
[6, 2] :  6.197564302274429
[6, 3] :  6.085601981749898
[6, 4] :  6.029507744089108
[6, 5] :  6.090287920498442
[6, 6] :  6.032769484496294
[6, 7] :  6.09755871045483
[6, 8] :  6.109841641399329
[6, 9] :  6.0653116297610605
