[1, 0, 1] :  9.127272055854434  ,  17.576449679048288
[1, 0, 2] :  9.282511078415975  ,  18.00681033505156
[1, 0, 3] :  9.142315656748217  ,  17.95627544985797
[1, 0, 4] :  8.995889768879767  ,  17.86366345136244
[1, 0, 5] :  9.19575979618044  ,  18.077702762013278
[1, 1, 1] :  7.3771743647807835  ,  13.233554988376818
[1, 1, 2] :  7.291134525226753  ,  12.64815984782615
[1, 1, 3] :  7.390853022188505  ,  12.801264968209528
[1, 1, 4] :  7.196494463592171  ,  12.598726054027285
[1, 1, 5] :  7.127239417918263  ,  12.74553845524892
[1, 2, 1] :  6.778203561280441  ,  10.119210575426512
[1, 2, 2] :  6.564158831175609  ,  10.368385597157767
[1, 2, 3] :  6.605067502121571  ,  10.110587163797225
[1, 2, 4] :  6.695557715523468  ,  10.287304743890495
[1, 2, 5] :  6.581638608419709  ,  10.42955298016889
[1, 3, 1] :  6.608321908917277  ,  10.44915510234475
[1, 3, 2] :  6.517255619237865  ,  10.60796025756606
[1, 3, 3] :  6.459560631920751  ,  10.021162136317788
[1, 3, 4] :  6.532918647186613  ,  10.668978598141187
[1, 3, 5] :  6.669835578988794  ,  11.041408239662243
[1, 4, 1] :  6.784245007375703  ,  10.426862274891086
[1, 4, 2] :  6.53578945523183  ,  10.236367604581982
[1, 4, 3] :  6.735893567085297  ,  10.471636342014317
[1, 4, 4] :  6.323823103143683  ,  10.89511992203603
[1, 4, 5] :  6.632834147936883  ,  10.865295670132966
[1, 5, 1] :  6.650698741626992  ,  10.754150941334922
[1, 5, 2] :  6.4637585298638705  ,  10.550865597856202
[1, 5, 3] :  6.478344940391197  ,  10.715810759855852
[1, 5, 4] :  6.556871267917959  ,  10.763209683963577
[1, 5, 5] :  6.663500137825299  ,  10.600855035642645
[2, 0, 1] :  6.300279327522009  ,  11.5031872053283
[2, 0, 2] :  6.519385125404185  ,  11.659373391693215
[2, 0, 3] :  6.427772086557411  ,  11.207019067712906
[2, 0, 4] :  6.443105404342846  ,  10.82108161721505
[2, 0, 5] :  6.450144937012986  ,  10.911961050401057
[2, 1, 1] :  5.5521915413376295  ,  9.749369942862089
[2, 1, 2] :  5.674283887411354  ,  9.531101298068558
[2, 1, 3] :  5.465839157706602  ,  9.205335907556439
[2, 1, 4] :  5.415431192510402  ,  9.539308373136077
[2, 1, 5] :  5.329695398126271  ,  9.28217340649061
[2, 2, 1] :  5.474444151317089  ,  9.20310835020253
[2, 2, 2] :  5.540900565448354  ,  9.438965409242128
[2, 2, 3] :  5.414343182564842  ,  8.609465452245699
[2, 2, 4] :  5.393596380081997  ,  8.994939184405066
[2, 2, 5] :  5.3945756111502465  ,  9.216284910248728
[2, 3, 1] :  5.2391594769794345  ,  9.552982970924099
[2, 3, 2] :  5.438084393171734  ,  8.844263629647049
[2, 3, 3] :  5.085604124986115  ,  8.76393370441505
[2, 3, 4] :  5.167310964381989  ,  9.097199112232524
[2, 3, 5] :  5.237832493907325  ,  9.301972946796495
[2, 4, 1] :  5.305236764158128  ,  8.876668212608866
[2, 4, 2] :  5.212761792376492  ,  8.631644196286963
[2, 4, 3] :  5.241440058746589  ,  8.920231720190467
[2, 4, 4] :  5.062647988313883  ,  8.806014088645767
[2, 4, 5] :  5.128319217357859  ,  9.421447099196655
[2, 5, 1] :  5.324056114502741  ,  9.28854548632637
[2, 5, 2] :  5.265192262799811  ,  8.864408089454345
[2, 5, 3] :  5.121315765411966  ,  9.166229239148127
[2, 5, 4] :  5.278836718752279  ,  8.869802502124033
[2, 5, 5] :  5.1117103388490275  ,  8.904059801821331
[3, 0, 1] :  6.179307090613504  ,  11.23942704095274
[3, 0, 2] :  5.914784586575598  ,  11.119740336269818
[3, 0, 3] :  5.962428464268148  ,  10.478963026961901
[3, 0, 4] :  5.483746437388681  ,  10.791951884891906
[3, 0, 5] :  5.885199722423987  ,  10.44475357719999
[3, 1, 1] :  5.592193573980014  ,  9.010226315135334
[3, 1, 2] :  5.61777425267138  ,  9.250958674166778
[3, 1, 3] :  5.1832620983298145  ,  9.053062880737741
[3, 1, 4] :  5.094691367690475  ,  8.978027005606434
[3, 1, 5] :  5.276085535071259  ,  9.063504699231675
[3, 2, 1] :  5.257113568741181  ,  8.972589563602702
[3, 2, 2] :  5.531026101234703  ,  9.465162679839322
[3, 2, 3] :  5.338877568279327  ,  8.610682147628907
[3, 2, 4] :  5.299485362741114  ,  8.540603376791857
[3, 2, 5] :  5.146015475183454  ,  8.573979660946605
[3, 3, 1] :  5.29195465150133  ,  8.53966029667387
[3, 3, 2] :  5.063999049154798  ,  8.495778794127972
[3, 3, 3] :  4.9472089576808  ,  8.590202684367709
[3, 3, 4] :  4.82961415035275  ,  8.122515621706572
[3, 3, 5] :  5.017295048195533  ,  8.629273948730805
[3, 4, 1] :  4.9141574067425715  ,  8.471973231909972
[3, 4, 2] :  4.963891126738764  ,  8.525942935724924
[3, 4, 3] :  4.83346545246537  ,  8.402403747104294
[3, 4, 4] :  4.853082577354337  ,  8.061100616112952
[3, 4, 5] :  4.929188425872482  ,  8.682322882854157
[3, 5, 1] :  5.04536524651595  ,  9.27823908465928
[3, 5, 2] :  5.14658361610808  ,  8.896947471954313
[3, 5, 3] :  4.891305649293456  ,  8.361425203412214
[3, 5, 4] :  5.012133648491156  ,  8.812416280028591
[3, 5, 5] :  5.216355256116183  ,  9.133221360577739
[4, 0, 1] :  5.934588898061627  ,  10.915743343670282
[4, 0, 2] :  5.739244380988  ,  10.79526704561224
[4, 0, 3] :  5.73433221362278  ,  10.497389267628389
[4, 0, 4] :  5.671025223814101  ,  10.222186526003952
[4, 0, 5] :  5.700117728958375  ,  10.630527750443637
[4, 1, 1] :  5.459592829503322  ,  9.139890779441892
[4, 1, 2] :  5.52946591270474  ,  9.789986622860562
[4, 1, 3] :  5.254067168253195  ,  9.206562809004273
[4, 1, 4] :  5.091923114011461  ,  9.47996618098379
[4, 1, 5] :  5.209970969042642  ,  9.313045774821735
[4, 2, 1] :  5.220147941508157  ,  8.645962936290786
[4, 2, 2] :  5.122673891595886  ,  8.567951044386309
[4, 2, 3] :  4.963107555824724  ,  8.714584950890416
[4, 2, 4] :  5.141191199803166  ,  8.59480457993409
[4, 2, 5] :  5.339866196065291  ,  8.834037440353061
[4, 3, 1] :  4.754770379014232  ,  8.218271590492307
[4, 3, 2] :  5.237400421726865  ,  8.831475881046885
[4, 3, 3] :  4.79874917855949  ,  7.873054532121783
[4, 3, 4] :  4.927170683899197  ,  8.171087512726558
[4, 3, 5] :  5.017820250313206  ,  8.113748679692007
[4, 4, 1] :  5.131772933863134  ,  8.697184836040007
[4, 4, 2] :  4.974565420919195  ,  8.580942014817193
[4, 4, 3] :  4.933706386235115  ,  8.467581177610342
[4, 4, 4] :  4.795490480807347  ,  8.645049651898688
[4, 4, 5] :  4.9783521030553874  ,  9.070974692426859
[4, 5, 1] :  4.960311693623533  ,  8.37464636788405
[4, 5, 2] :  4.790429004561052  ,  8.664551109975971
[4, 5, 3] :  5.0887700585410895  ,  8.237981147248314
[4, 5, 4] :  4.95133088003875  ,  8.906806664458212
[4, 5, 5] :  4.919727468731882  ,  8.321479454796387
[5, 0, 1] :  5.8951811417725475  ,  10.93601813167882
[5, 0, 2] :  5.722883754377401  ,  10.443119950451528
[5, 0, 3] :  5.991991901581605  ,  10.32142109928813
[5, 0, 4] :  5.89607181516793  ,  10.35777359414024
[5, 0, 5] :  5.713487949584578  ,  10.243216540809641
[5, 1, 1] :  5.2992056525752  ,  9.36618567558363
[5, 1, 2] :  5.371748411209465  ,  9.19766659046481
[5, 1, 3] :  5.19397851274136  ,  8.921538754287427
[5, 1, 4] :  5.000500301788781  ,  9.317729667617662
[5, 1, 5] :  4.946047311459763  ,  8.881756195968627
[5, 2, 1] :  5.017125104911571  ,  8.89397378480313
[5, 2, 2] :  5.134732612650707  ,  9.184834300164994
[5, 2, 3] :  5.116795874237796  ,  8.603612920919677
[5, 2, 4] :  5.021437833348646  ,  8.721023171520892
[5, 2, 5] :  5.137230785817739  ,  8.587568320562507
[5, 3, 1] :  5.113369063363954  ,  8.737398289711344
[5, 3, 2] :  4.947125037327988  ,  8.530851878706308
[5, 3, 3] :  4.915805944962566  ,  8.534179111637131
[5, 3, 4] :  4.916203713564053  ,  8.814448724752697
[5, 3, 5] :  4.859155068114892  ,  8.170753937339999
[5, 4, 1] :  5.172940726933387  ,  8.340479964097266
[5, 4, 2] :  4.970756059592789  ,  8.66005417708039
[5, 4, 3] :  4.91030861539139  ,  9.073183760008988
[5, 4, 4] :  5.046331828245846  ,  8.489569825640746
[5, 4, 5] :  4.745882585353571  ,  8.391101698107853
[5, 5, 1] :  5.119587536823049  ,  9.316478127834147
[5, 5, 2] :  4.883677020831053  ,  8.268397210807336
[5, 5, 3] :  4.770073589641658  ,  8.5038433822508
[5, 5, 4] :  4.783826566514074  ,  8.321721842483369
[5, 5, 5] :  4.823345750154287  ,  8.460792625286341
[6, 0, 1] :  5.760704691805174  ,  10.395461877825827
[6, 0, 2] :  5.78017487581131  ,  10.592617519199651
[6, 0, 3] :  5.73818131734464  ,  9.989865223057855
[6, 0, 4] :  6.034502943059562  ,  10.258082708558593
[6, 0, 5] :  5.59058895198871  ,  9.895329719028407
[6, 1, 1] :  5.404450688713525  ,  9.550444296562418
[6, 1, 2] :  5.412306611011953  ,  9.621208708729373
[6, 1, 3] :  5.372501362937445  ,  9.268462402485202
[6, 1, 4] :  5.11895780975642  ,  8.979357661932804
[6, 1, 5] :  4.945784312692259  ,  8.401084549386596
[6, 2, 1] :  5.339553332688345  ,  8.414319827102474
[6, 2, 2] :  5.128074516192667  ,  8.645889193810035
[6, 2, 3] :  5.104855309730066  ,  9.042840005836556
[6, 2, 4] :  5.024092767216571  ,  8.515726538167932
[6, 2, 5] :  5.108213476067066  ,  8.938884889862955
[6, 3, 1] :  5.0761224588291505  ,  8.548421269016945
[6, 3, 2] :  4.879276511982988  ,  7.9298970584587956
[6, 3, 3] :  4.755804571820358  ,  8.263236644439697
[6, 3, 4] :  5.004067586067639  ,  8.371048076692402
[6, 3, 5] :  4.954168818994372  ,  8.0334392573288
[6, 4, 1] :  4.94246775181719  ,  8.282418619328986
[6, 4, 2] :  5.0512351728682585  ,  8.763069796238668
[6, 4, 3] :  4.779256995928031  ,  8.049391720548487
[6, 4, 4] :  4.828590285530523  ,  8.349957899579985
[6, 4, 5] :  4.922204061199128  ,  8.206785291619479
[6, 5, 1] :  5.030212574945156  ,  8.43668995631057
[6, 5, 2] :  4.9551638619784875  ,  8.34838918937057
[6, 5, 3] :  4.818442302472302  ,  8.346579898751692
[6, 5, 4] :  4.9562520821704386  ,  8.76375128375491
[6, 5, 5] :  5.040073352030053  ,  8.138052821468861
